0.512821
0.512821
0.512821
0.512821
0.512821
0.512821
0.512821
0.512821
0.512821
0.512821
0.512821
0.512821
0.512821
0.512821
0.512821
0.529915
0.538462
0.521368
0.512821
0.538462
0.538462
0.529915
0.538462
0.547009
0.555556
0.57265
0.581197
0.598291
0.598291
0.598291
0.606838
0.615385
0.615385
0.615385
0.623932
0.623932
0.623932
0.632479
0.632479
0.632479
0.632479
0.632479
0.641026
0.641026
0.641026
0.641026
0.641026
0.649573
0.666667
0.666667
0.65812
0.675214
0.683761
0.692308
0.692308
0.700855
0.700855
0.709402
0.726496
0.726496
0.726496
0.735043
0.735043
0.74359
0.752137
0.760684
0.769231
0.786325
0.786325
0.794872
0.794872
0.803419
0.803419
0.803419
0.803419
0.803419
0.803419
0.803419
0.803419
0.820513
0.820513
0.820513
0.820513
0.820513
0.820513
0.820513
0.820513
0.82906
0.82906
0.82906
0.82906
0.82906
0.82906
0.82906
0.82906
0.82906
0.837607
0.846154
0.837607
0.82906
0.82906
0.837607
0.837607
0.837607
0.837607
0.837607
0.837607
0.846154
0.846154
0.846154
0.846154
0.846154
0.846154
0.846154
0.846154
0.846154
0.854701
0.854701
0.871795
0.871795
0.880342
0.880342
0.880342
0.880342
0.880342
0.880342
0.880342
0.880342
0.880342
0.880342
0.880342
0.880342
0.880342
0.880342
0.880342
0.880342
0.880342
0.880342
0.880342
0.880342
0.880342
0.880342
0.880342
0.880342
0.880342
0.888889
0.888889
0.888889
0.888889
0.888889
0.888889
0.897436
0.897436
0.897436
0.905983
0.905983
0.905983
0.905983
0.91453
0.91453
0.91453
0.91453
0.91453
0.91453
0.91453
0.91453
0.905983
0.905983
0.905983
0.905983
0.905983
0.905983
0.91453
0.91453
0.91453
0.91453
0.91453
0.91453
0.91453
0.91453
0.91453
0.91453
0.91453
0.923077
0.931624
0.931624
0.931624
0.931624
0.931624
0.931624
0.931624
0.931624
0.931624
0.931624
0.931624
0.931624
0.931624
0.931624
0.931624
0.931624
0.931624
0.931624
0.931624
0.931624
0.931624
0.931624
0.931624
0.931624
0.931624
0.931624
0.931624
0.931624
0.931624
0.931624
0.931624
0.931624
0.931624
0.931624
0.931624
0.931624
0.931624
0.931624
0.931624
0.931624
0.931624
0.931624
0.931624
0.931624
0.931624
0.931624
0.931624
0.931624
0.931624
0.931624
0.931624
0.931624
0.931624
0.931624
0.931624
0.931624
0.931624
0.931624
0.931624
0.931624
0.931624
0.931624
0.931624
0.931624
0.931624
0.931624
0.931624
0.931624
0.931624
0.931624
0.931624
0.931624
0.931624
0.931624
0.931624
0.931624
0.931624
0.931624
0.931624
0.931624
0.931624
0.931624
0.931624
0.931624
0.931624
0.931624
0.931624
0.931624
0.931624
0.931624
0.931624
0.931624
0.931624
0.931624
0.931624
0.931624
0.931624
0.931624
0.931624
0.931624
0.931624
0.931624
0.931624
0.931624
0.931624
0.931624
0.931624
0.931624
0.931624
0.931624
0.931624
0.931624
0.931624
0.931624
0.931624
0.931624
0.931624
0.931624
0.931624
0.931624
0.931624
0.931624
0.931624
0.931624
0.931624
0.931624
0.931624
0.931624
0.931624
0.931624
0.931624
0.931624
0.931624
0.931624
0.931624
0.931624
0.931624
0.931624
0.931624
0.931624
0.931624
0.931624
0.931624
0.931624
0.931624
0.931624
0.931624
0.931624
0.931624
0.931624
0.931624
0.931624
0.931624
0.931624
0.931624
0.931624
0.931624
0.931624
0.931624
0.931624
0.931624
0.931624
0.931624
0.931624
0.931624
0.931624
0.931624
0.931624
0.931624
0.931624
0.931624
0.931624
0.931624
0.931624
0.931624
0.931624
0.931624
0.931624
0.931624
0.931624
0.931624
0.931624
0.931624
0.931624
0.931624
0.931624
0.931624
0.931624
0.931624
0.931624
0.931624
0.931624
0.931624
0.931624
0.931624
0.931624
0.931624
0.931624
0.931624
0.931624
0.931624
0.931624
0.931624
0.931624
0.931624
0.931624
0.931624
0.931624
0.931624
0.931624
0.931624
0.931624
0.931624
0.931624
0.931624
0.931624
0.931624
0.931624
0.931624
0.931624
0.931624
0.931624
0.931624
0.931624
0.931624
0.931624
0.931624
0.931624
0.931624
0.931624
0.931624
0.931624
0.931624
0.931624
0.931624
0.931624
0.931624
0.931624
0.931624
0.931624
0.931624
0.931624
0.931624
0.931624
0.931624
0.931624
0.931624
0.931624
0.931624
0.931624
0.931624
0.931624
0.931624
0.931624
0.931624
0.931624
0.931624
0.931624
0.931624
0.931624
0.931624
0.931624
0.931624
0.931624
0.931624
0.931624
0.931624
0.931624
0.931624
0.931624
0.931624
0.931624
0.931624
0.931624
0.931624
0.931624
0.931624
0.931624
0.931624
0.931624
0.931624
0.931624
0.931624
0.931624
0.931624
0.931624
0.931624
0.931624
0.931624
0.931624
0.931624
0.931624
0.931624
0.931624
0.931624
0.931624
0.931624
0.931624
0.931624
0.931624
0.931624
0.931624
0.931624
0.931624
0.931624
0.931624
0.931624
0.931624
0.931624
0.931624
0.931624
0.931624
0.931624
0.931624
0.931624
0.931624
