0.324552
0.391886
0.387073
0.383738
0.383676
0.383484
0.35309
0.390889
0.386389
0.384096
0.384087
0.384076
0.38406
0.384034
0.383987
0.383876
0.383298
0.377681
0.384144
0.384144
0.384144
0.384144
0.384144
0.384144
0.384144
0.384144
0.384144
0.384144
0.384144
0.384144
0.384144
0.384144
0.384144
0.384144
0.384144
0.384144
0.384144
0.384144
0.384144
0.384144
0.384144
0.384144
0.384144
0.384144
0.384144
0.384144
0.384144
0.384144
0.384144
0.384144
0.384144
0.384144
0.384144
0.384144
0.384144
0.384144
0.384144
0.384144
0.384144
0.384143
0.384143
0.384143
0.384143
0.384143
0.384143
0.384143
0.384143
0.384143
0.384143
0.384143
0.384143
0.384143
0.384143
0.384143
0.384143
0.384143
0.384143
0.384143
0.384143
0.384143
0.384143
0.384143
0.384143
0.384143
0.384143
0.384143
0.384143
0.384143
0.384143
0.384142
0.384142
0.384142
0.384142
0.384142
0.384142
0.384142
0.384142
0.384142
0.384142
0.384142
