<<<<<<< HEAD
10.096981705742524
8.987697260004564
6.098618968059740
4.361395914623841
3.829805070980073
3.496448177852132
3.269105424293677
3.109453535363820
2.993252665860647
2.906002699433027
2.837503452817682
2.778224757359515
2.720508983696077
2.661904867097633
2.600706658546954
2.533401642263615
2.460028717988308
2.380926692930136
2.297174075044933
2.210336919110214
2.121238776723307
2.034263041025315
1.952695895057863
1.877673218980464
1.809914772958394
1.750719991311484
1.699549014489028
1.655921701112829
1.619307602164432
1.588282112788766
1.562074348780488
1.539809678827353
1.520809028649569
1.504688172489002
1.490952633353911
1.479148956590910
1.469048815729530
1.460306055231335
1.452798136735167
1.446274025874489
1.440644504567076
1.435758830363413
1.431586567504859
1.427926468590665
1.424804071871696
1.422065816693134
1.419711704462249
1.417608514516018
1.415739819307412
1.414136327230668
1.412693499236213
1.411433201683822
1.410273956065226
1.409249679559710
1.408310912192452
1.407478476472454
1.406706776619256
1.405999928180991
1.405362971796353
1.404719645181444
1.404138890816358
1.403597517354446
1.403089851724931
1.402600265413226
1.402144134138401
1.401710211179642
1.401277695116958
1.400917106980604
1.400583099206852
1.400245362006091
1.399915673428293
1.399603156787092
1.399298125903281
1.398985706534453
1.398702347101106
1.398422321487128
1.398144201628287
1.397870908498100
1.397603139837072
1.397342173608736
1.397097855543701
1.396871833810792
1.396646445562349
1.396422913785043
1.396197352531770
1.396014793330133
1.395818271887918
1.395629892941074
1.395429861044448
1.395242725181716
1.395061015238052
1.394861560972152
1.394690630177262
1.394502639475457
1.394323999927481
1.394152642967270
1.393961378333535
1.393802341874893
1.393627519915570
1.393456948873052
1.393296452741202
1.393122586051315
1.392976469880085
1.392814435305680
1.392655231329375
1.392504188802350
1.392313456652429
1.392126248926605
1.391936548488019
1.391776605542790
1.391607564007509
1.391434899068630
1.391258069675121
1.391080414810553
1.390916123932368
1.390750194754487
1.390584866682224
1.390418875882563
1.390258375382826
1.390103092760029
1.389947269009726
1.389797666915442
1.389645788230960
1.389494119643956
1.389352554180426
1.389210936343018
1.389052688723790
1.388931040160691
1.388798967228965
1.388663483950566
1.388535155239109
1.388402017707604
1.388261665601649
1.388144662104754
1.388021912886885
1.387905442449294
1.387771158094925
1.387673780795532
1.387558359230951
1.387438431562927
1.387346590519182
1.387237294942582
1.387113931862509
1.387020971997584
1.386906871490725
1.386798233229887
1.386705166749509
1.386602326878485
1.386500695106926
1.386405968828892
1.386313367176747
1.386203286289912
1.386111914500456
1.386035718082995
1.385916891454480
1.385827333807979
1.385726346906651
1.385633259829007
1.385538111279195
1.385463480439624
1.385300875825008
1.385194122251595
1.385108689279922
1.385039580709502
1.384870253393249
1.384782003165866
1.384683174685919
1.384595880253482
1.384525712182610
1.384356767654105
1.384256242699815
1.384185943086300
1.384095434440057
1.384049857987614
1.383872960445174
1.383774837937155
1.383720224827142
1.383621571926516
1.383574940653635
1.383418318564845
1.383336011564653
1.383250935350331
1.383182857928266
1.383025959259396
1.382969632513562
1.382871083722640
1.382814874001350
1.382746123799745
1.382593579181101
1.382530334086102
1.382432229995640
1.382383458001070
1.382307645562959
1.382169968439754
1.382082688893237
1.382016706130217
1.381941473281145
1.381892863005670
1.381752462621520
1.381653508503254
1.381568647802289
1.381508355460789
1.381468722914989
1.381313905293567
1.381202636376304
1.381148351525055
1.381088132675606
1.381015615190111
1.380924553431817
1.380880264928465
1.380730672404751
1.380644667663775
1.380542978654876
1.380469349764742
1.380428169523900
1.380359749830604
1.380190790533676
1.380136142682792
1.380068389131412
1.379999881048604
1.379886769918132
1.379872280161848
1.379726689943037
1.379639165002749
1.379598668234883
1.379512651547409
1.379458140665812
1.379288054522196
1.379242920745622
1.379169999943071
1.379094001286129
1.379033197291214
1.378953873373637
1.378966929102124
1.378781011913755
1.378704701572751
1.378618683906912
1.378578840292930
1.378575391522198
1.378489880564623
1.378302549025080
1.378255894021785
1.378169124260198
1.378150796877099
1.378081686797536
1.378017284258635
1.377970394047623
1.377799949357632
1.377773949191481
1.377710479142579
1.377633828217815
1.377561756159562
1.377515188229200
1.377456978985135
1.377420499242331
1.377260650058705
1.377200223372702
1.377134468497756
1.377053802670174
1.376994352718893
1.376943429830501
1.376899526916176
1.376782923345178
1.376765472467622
1.376771921890604
1.376565903721992
1.376481513157435
1.376445423112046
1.376381860125362
1.376299213882693
1.376258022651892
1.376240370790615
1.376170793979443
1.375993576137552
1.375934377193960
1.375877583778657
1.375837065325343
1.375715320511542
1.375700586839667
1.375659004200863
1.375584767654200
1.375529510152113
1.375461133811835
1.375388972113547
1.375329987326990
1.375297638580239
1.375125068980274
1.375050925051491
1.375016970450696
1.374933022866565
1.374954473685421
1.374815740431402
1.374744692032807
1.374714194003845
1.374622087326813
1.374568436352054
1.374529130613037
1.374469331741111
1.374354599044012
1.374343954209660
1.374296654559618
1.374086655684898
1.374126931161333
1.374010278965139
1.373916462139916
1.373864469115847
1.373819611651339
1.373737809815591
1.373712371504159
1.373634402673534
1.373562795850484
1.373494885199289
1.373420273421569
1.373397664868990
1.373302016627604
1.373246968979938
1.373177871631459
1.373114514290334
1.373059787135578
1.373013961628003
1.372896472479379
1.372866923547712
1.372809667242935
1.372707140119890
1.372736643416182
1.372529925025491
1.372420676317224
1.372388315578901
1.372326085123325
1.372252357619777
1.372172556741822
1.372119680303985
1.372038156433941
1.372006549055399
1.371897822419821
1.371836415182977
1.371770588140150
1.371661579929798
1.371670093998553
1.371591227527827
1.371489062788221
1.371431962474034
1.371368604453747
1.371321972085560
1.371208981995822
1.371180647010599
1.371103365714764
1.370999111648350
1.370935587099174
1.370910550793740
1.370793149404538
1.370747539158600
1.370691398568558
1.370577298537946
1.370530644213707
1.370454274480046
1.370398748148157
1.370293465739591
1.370220398437048
1.370171230184992
1.370079197359137
1.370009492657768
1.369960557193302
1.369870276820227
1.369754544106697
1.369733001188594
1.369629878289493
1.369521069304000
1.369508322085554
1.369415876961164
1.369293839802199
1.369246954385510
1.369183317238617
1.369084097545877
1.368984119618486
1.368940940803284
1.368847874480551
1.368761707079516
1.368712735917134
1.368589156383528
1.368503295155320
1.368448012960080
1.368348597520950
1.368300000054122
1.368177883804965
1.368119570233834
1.368046315181056
1.367942615738766
1.367863873278072
1.367778549398450
1.367683334245629
1.367585379715718
1.367523430493390
1.367425337197804
1.367320593473911
1.367291280941040
1.367154705145146
1.367081332183415
1.366978910143720
1.366914576178895
1.366798059134275
1.366700709821084
1.366655245107658
1.366491642536312
1.366444364894291
1.366377479852868
1.366252320640522
1.366163922582294
1.366078426096116
1.365984527335455
1.365875419352966
1.365779383987007
1.365719210604076
1.365566535310035
1.365494946558226
1.365401776234587
1.365304878827414
1.365177124105420
1.365108111219767
1.365022087659576
1.364903791957025
1.364805194246374
1.364724753688734
1.364562603021869
1.364511912698469
1.364403315732087
1.364225804443647
1.364183852727303
1.364056798206791
1.363918371272651
1.363853103317182
1.363734980600313
1.363592987481237
1.363511308097362
1.363411806942026
1.363252851606833
1.363174567722253
1.363063602009314
1.362886625477607
1.362824943210123
1.362697635526767
1.362559924887472
1.362460051271566
1.362306437046091
1.362218187979202
1.362110299978458
1.361944488992691
1.361854058788379
1.361736921574026
1.361569393262675
1.361492089796749
1.361304837096283
1.361232105452439
1.361091050114861
1.360928908104551
1.360862260254192
1.360705508195372
1.360545677954653
1.360442095293602
1.360331986319060
1.360133498870528
1.360062390422150
1.359866594971460
1.359754663148603
1.359589389230765
1.359482752602390
1.359306471630089
1.359186000498826
1.359035552137538
1.358894782408749
1.358729543025914
1.358613689484270
1.358448010816831
1.358327211737750
1.358142842941531
1.358035525715974
1.357864275499406
1.357694382599123
1.357546351506283
1.357391154116086
1.357233037416612
1.357066459823076
1.356915295520654
1.356731545567130
1.356593567069329
1.356415602937249
1.356249264067917
1.356060340442625
1.355906715216820
1.355716119304896
1.355557893889736
1.355369552167523
1.355202840859479
1.355009275616577
1.354840747048790
1.354644337843375
1.354479212394985
1.354261474662191
1.354097122555227
1.353884541429910
1.353705269897354
1.353495850789976
1.353321758882116
1.353099437730603
1.352908262398662
1.352689918978790
1.352513112407461
1.352283475445829
1.352099069605636
1.351910552316539
1.351670270321352
1.351475053921046
1.351241565855692
1.351035525703095
1.350806674964920
1.350569008111053
1.350337049159621
1.350134038690451
1.349862314150460
1.349643035886737
1.349393004811049
1.349146720213621
1.348863403790193
1.348616494630796
1.348374335668077
1.348114328222846
1.347863724530122
1.347578095351609
1.347333406160383
1.347052325922157
1.346801978910995
1.346491946614368
1.346249643610431
1.345942585566900
1.345667745151937
1.345363479812037
1.345070374844587
1.344787341481951
1.344474347562108
1.344165552502169
1.343868163648290
1.343557694664947
1.343233522816155
1.342923557076876
1.342604114251947
1.342273611759320
1.341933552750449
1.341601868582752
1.341289137328089
1.340917398241892
1.340649273388274
1.340251575110241
1.339911656662129
1.339548105689394
1.339156342572275
1.338809934801904
1.338446032767881
1.338053209748224
1.337644562495411
1.337305661475447
1.336859184522719
1.336480759410935
1.336085824234175
1.335639483081168
1.335271357359067
1.334816381891397
1.334402155155437
1.333990026864889
1.333537228781377
1.333084199290009
1.332659155169916
1.332202318810069
1.331720277255477
1.331309744535918
1.330783766724801
1.330336546932652
1.329863204618267
1.329355599277464
1.328897365302982
1.328322725215215
1.327853757123863
1.327323920802347
1.326779223526697
1.326292459296171
1.325723218978230
1.325185798495498
1.324592648943532
1.324028583526814
1.323387690207385
1.322833878050766
1.322250767231466
1.321596008122107
1.321032415621980
1.320365443447458
1.319747319718583
1.319101479084083
1.318467993140987
1.317770393837160
1.317136104145620
1.316408678021172
1.315786219712034
1.315010184001222
1.314342007620211
1.313631333971920
1.312879433024479
1.312166748586347
1.311414996574553
1.310672965878711
1.309882482072859
1.309111040289971
1.308340321960402
1.307584473891450
1.306734097221552
1.305947216284246
1.305099434913675
1.304304630683883
1.303417389498706
1.302587662534916
1.301688742478285
1.300842491990063
1.299951405301015
1.299064524678746
1.298113325506909
1.297218505224089
1.296270037405472
1.295386107025483
1.294374145314257
1.293442079857816
1.292423809008950
1.291493172053547
1.290460109988578
1.289517600371732
1.288484562945888
1.287508799325460
1.286460167666411
1.285479351564797
1.284368534779413
1.283378907826208
1.282250294388166
1.281243422722712
1.280132728168283
1.279055708217363
1.278002191052748
1.276849636161722
1.275719156343289
1.274545899118345
1.273452472730872
1.272237212634914
1.271128355127527
1.269969375095058
1.268724421525493
1.267611942356609
1.266365922905293
1.265209886709237
1.263988724199306
1.262733461766726
1.261563535337191
1.260269599712478
1.259073342053281
1.257847116396082
1.256532796934728
1.255327733552657
1.254040399233993
1.252817981913410
1.251492760909651
1.250281727743445
1.249001321636081
1.247662347327312
1.246437376491352
1.245113525733108
1.243884507345938
1.242563676545625
1.241186694174081
1.239911685950731
1.238576744485086
1.237304711112556
1.235978069144744
1.234750763820103
1.233470877705357
1.232040529500509
1.230798686635928
1.229480062032119
1.228249697625225
1.226939307237223
1.225731074697393
1.224348464391006
1.223136173899457
1.221903555109820
1.220618922134798
1.219458048041913
1.218114792935024
1.216948526683820
1.215695953050672
1.214557933896284
1.213395210530953
1.212343600704454
1.211047444277529
1.209816391294831
1.208713818172849
1.207546045220392
1.206459464006080
1.205391933821797
1.204168447466869
1.203176121668856
1.202163922259212
1.201086926908157
1.200211216158259
1.199132295564333
1.198177431756338
1.197240949390273
1.196377080435675
1.195502115333725
1.194576057547077
1.193697399785547
1.192929376255981
1.192143924579554
1.191351393258897
1.190649327341100
1.189795103137896
1.189138806264942
1.188406187903497
1.187768978109996
1.187094728201245
1.186500405689641
1.185913508006674
1.185336393023757
1.184786407544352
1.184243786451598
1.183694251127032
1.183080831275017
1.182440437442410
1.181837356956625
1.181159516103340
1.180498757074058
1.179811591503036
1.179207228165959
1.178614647237136
1.178025928160725
1.177452271030890
1.176934103466992
1.176425273513750
1.175790774853747
1.175201507932090
1.174680965425283
1.174230489029830
1.173700145198326
1.173249579070326
1.172748560405298
1.172284885229176
1.171750492306937
1.171133846048273
1.170705855833204
1.170009490510572
1.169600736639473
1.169197983508639
1.169027675819580
1.168711847751618
1.168402797465923
1.167834503415212
1.167317742230363
1.166687874285668
1.165998077697559
1.165011905008042
1.164177975194020
1.163276798514215
1.162446919841349
1.161586656860831
1.160704787708240
1.159809509084492
1.159019851066732
1.158128924268675
1.157311155367850
1.156366680861036
1.155420971718185
1.154388096928298
1.153347590673206
1.152372849012764
1.151362324298373
1.150521926976069
1.149776817748277
1.148998029863905
1.148203656544471
1.147478238493497
1.146694583150290
1.145917088216141
1.145191701305012
1.144384268246833
1.143650640333628
1.142928061144653
1.142166872343365
1.141423803148435
1.140739866947129
1.139979761591465
1.139298649596214
1.138646341420586
1.138012732501215
1.137457265439081
1.136935664234592
1.136363222191961
1.135820110259292
1.135344761465965
1.134772005596790
1.134243724740609
1.133759708911889
1.133225332121612
1.132716089052956
1.132267101306561
1.131719172898894
1.131246905917412
1.130815088362685
1.130279093107381
1.129798071247152
1.129352019235418
1.128832181400716
1.128371531502221
1.127868217147403
1.127390913919376
1.126998301899878
1.126436987247010
1.125899590652785
1.125438319317193
1.124967372637095
1.124469150381038
1.123996513262535
1.123486178264277
1.123077088748359
1.122602453882858
1.122157641060270
1.121715905794132
1.121202353263543
1.120773575929219
1.120370118030344
1.119867990570518
1.119412880543574
1.119102340930259
1.118652206475141
1.118264609739791
1.117822773960233
1.117438608124950
1.117159514625037
1.116782793267404
1.116456631201523
1.116187830449973
1.115867887912126
1.115595004965385
1.115233428268797
1.114946731925003
1.114627635512054
1.114266156886842
1.114026834408173
1.113576725289600
1.113223841740564
1.112997832383322
1.112448431957625
1.112078234756368
1.111826056714864
1.111381318181793
1.111147249462169
1.110530063320049
1.110124604587858
1.109834938388046
1.109569228208377
1.109299035472938
1.109084236028665
1.108692806788098
1.108378866701226
1.108148882169409
1.107936747869549
1.107694708203069
1.107489893731970
1.107054665364091
1.106856791578083
1.106608423199106
1.106340221413138
1.106186449456922
1.105817521118153
1.105530941024794
1.105286670117241
1.105160848508213
1.104857465335246
1.104657620088526
1.104337017386654
1.104134805205137
1.103842982716165
1.103662850420010
1.103466248064363
1.103075415330872
1.102903108759557
1.102680437175542
1.102454572022963
1.102339757431009
1.101939433553409
1.101720339401421
1.101565204787038
1.101402021482455
1.101153548388253
1.101066627845357
1.100694469311055
1.100467727161787
1.100357564622437
1.100159029354441
1.099934243673592
1.099761382335476
1.099574570310672
1.099234220400492
1.099002660715016
1.098791909626825
1.098593134600687
1.098390536295105
1.098004078269973
1.097812970181517
1.097566173594624
1.097415139338921
1.097207431570983
1.096999761822252
1.096657039655956
1.096482790622588
1.096265260955960
1.096095959377125
1.095965822749699
1.095581465003358
1.095318584767500
1.095245649912053
1.094987228230177
1.094810154463757
1.094471841943313
1.094307730214820
1.094129769165721
1.093862277968263
1.093698540855289
1.093384162341491
1.093161810849307
1.092925849272215
1.092810109365031
1.092623159317217
1.092249621066543
1.092059735503328
1.091834470529762
1.091723756539216
1.091369364113872
1.091109297125651
1.090905688142588
1.090764533194202
1.090630605355294
1.090219086937575
1.090078261265311
1.089872677064351
1.089714780819540
1.089391655588302
1.089184060189951
1.089019450603897
1.088906189643286
1.088501455421035
1.088285436059985
1.088161703980446
1.088044815745331
1.087705739286087
1.087462123130047
1.087247255569231
1.087128881620461
1.086731811879538
1.086597255835717
1.086318349488797
1.086099810060186
1.085973732792727
1.085566355949202
1.085352146718089
1.085174280002420
1.085038711174136
1.084665026815630
1.084530220065734
1.084447110343465
1.084052949976085
1.083923388868376
1.083768445300431
1.083439322257346
1.083291349945795
1.083238998363876
1.082908957871411
1.082702611701597
1.082600835832547
1.082498052332686
1.082103544394309
1.081939860196964
1.081879334021827
1.081511314855055
1.081404914997317
1.081247472789046
1.081006347593598
1.080757064516913
1.080713942654828
1.080336601815765
1.080192047192521
1.080107343818645
1.079795670256659
1.079659499799648
1.079574180388112
1.079277556478327
1.079048387271124
1.078961050314467
1.078663623093471
1.078528838008407
1.078470252059164
1.078094042196328
1.077910557350511
1.077895352487258
1.077545910690407
1.077415585269711
1.077340485422742
1.077059307055261
1.076886630078911
1.076771767022406
1.076483538822458
1.076344586069051
1.076182973419836
1.075843890222519
1.075720175977595
1.075613521589865
1.075285384587850
1.075126585104512
1.075024421349630
1.074684701187354
1.074595605944272
1.074177600318255
1.074046439042086
1.073881821568705
1.073487822160646
1.073369720680438
1.073058317295568
1.072862626574512
1.072701377424758
1.072397382239523
1.072212759977272
1.071883850370517
1.071622583185262
1.071548437417371
1.071209900437492
1.071036232002531
1.070666140709535
1.070537901532503
1.070105232153090
1.069859670797453
1.069764473165707
1.069423043789376
1.069225310966136
1.068881039630384
1.068636094501556
1.068485318521719
1.068080334000382
1.067934674924526
1.067523050748135
1.067380239415914
1.067027022924365
1.066707419733130
1.066586756978291
1.066156168165256
1.065966198639042
1.065555836737641
1.065396570618469
1.065059567218561
1.064942559349806
1.064720886428956
1.064501209285919
1.064067119566946
1.063914554899345
1.063598913240441
1.063500992892118
1.063190918397249
1.062981252556374
1.062659877442532
1.062578180572564
1.062266772848744
1.062029340758139
1.061696846321963
1.061582286931222
1.061248434894648
1.060972065057488
1.060680707474648
1.060454640098389
1.060194231693143
1.059795313638568
1.059592934337266
1.059265878213501
1.059047122423314
1.058825641923778
1.058368919954568
1.058251495527837
1.057828468485030
1.057671131498546
1.057322761687639
1.056963151895775
1.056726988629315
1.056294562888784
1.056142223055370
1.055778239547088
1.055406635925162
1.055140191397330
1.054860829996523
1.054411632133566
1.054225690404986
1.053838940377215
1.053439474157207
1.053219358961739
1.052846904186172
1.052581963047251
1.052249294032399
1.051846446346136
1.051620689774475
1.051219757681112
1.050807958428889
1.050543954068768
1.050221962969259
1.049696620936632
1.049515712043588
1.048987464635426
1.048786292605644
1.048318471706486
1.047951673609954
1.047628935027249
1.047253909788940
1.046720317789595
1.046498815625385
1.046033748341684
1.045584774959454
1.045330007753725
1.044908773215479
1.044351663412129
1.044156531889517
1.043640767966404
1.043162893242732
1.042803563613043
1.042429529075319
1.041852783445044
1.041668422965652
1.041125854637070
1.040677730865742
1.040320453749489
1.039848321245880
1.039534524179493
1.039119991399482
1.038570167977611
1.038308129590177
1.037761214686597
1.037278877570032
1.036943013448322
1.036477356230514
1.035851365593061
1.035568120156455
1.035032451498370
1.034464739642636
1.034178754741298
1.033602942133882
1.033068810111992
1.032676072130257
1.032232227978772
1.031599386819591
1.031261779457865
1.030550675133958
1.029898700261944
1.029490209093262
1.028961306549288
1.028361674322823
1.027939565800487
1.027359816285473
1.026852539065568
1.026362442532752
1.025694878577596
1.025319551534003
1.024549803683839
1.024292589029256
1.023723961024857
1.023233035688719
1.022746544324441
1.022385548263974
1.021790064949395
1.021071138008459
1.020854828341548
1.020208770171149
1.019765521635740
1.019099346328045
1.018826373204947
1.018201522863373
1.017625888210338
1.017080254206025
1.016634267888529
1.016180009376699
1.015605545003457
1.015203280456265
1.014515478282511
1.014036612718520
1.013752190808749
1.013069651910295
1.012790785991343
1.012183354211216
1.011702139458623
1.011419568625635
1.010724572830062
1.010287501241923
1.009881060607703
1.009278446333548
1.009002708472150
1.008469528424146
1.007782460028137
1.007452532345199
1.006920256721135
1.006489761407622
1.005981097678432
1.005421081753117
1.004929550962250
1.004485353471859
1.003791862649671
1.003374371385196
1.002989704781176
1.002276816623749
1.001865733711631
1.001452150701874
1.000937778845269
1.000344095567191
1.000079091118682
0.999381692414844
0.998869251423211
0.998535920334600
0.997858553923620
0.997282576725829
0.997070146839023
0.996352982239147
0.995891760150041
0.995536014924931
0.994881806667915
0.994365974722204
0.994010170524700
0.993380080219171
0.992950160051969
0.992480234828491
0.991846902374404
0.991340450556530
0.991024117338231
0.990219332632202
0.989809872538165
0.989337677878140
0.988633480568081
0.988071018263027
0.987764132920259
0.987091604756176
0.986472984102676
0.986147236706607
0.985629468404995
0.985008661919999
0.984484110153716
0.984021707021936
0.983391319952233
0.982876522997131
0.982600698131351
0.981799287541779
0.981450693291932
0.981014256240138
0.980392469589215
0.979861298855252
0.979494410064737
0.979006697835512
0.978441980548434
0.977848104417693
0.977603627188952
0.976909817417367
0.976390301759747
0.975983643370250
0.975530451420948
0.974896500168479
0.974622118638268
0.973971284306781
0.973533025031371
0.973083237897545
0.972535263105392
0.972118077617835
0.971698660001802
0.971145877871616
0.970653769153550
0.970296553253210
0.969862249949057
0.969230069459072
0.968870214764953
0.968621612764209
0.967960865244353
0.967607998445894
0.967353024909882
0.966738213917783
0.966250916938304
0.966028687106241
0.965329118764069
0.965071615364476
0.964656833001387
0.964069996407099
0.963725830280521
0.963426846787348
0.962970915296844
0.962529151744299
0.962287699743411
0.961657502265982
0.961347117083525
0.961098288870794
0.960535482366219
0.960084171236232
0.959763652732829
0.959604261656006
0.958958405912980
0.958628741604110
0.958436179069071
0.957825421245482
0.957436698899403
0.957286582323213
0.956663806829136
0.956338955597560
0.956171745330452
0.955607642744996
0.955297825081291
0.955067547428861
0.954569265056998
0.954273085275203
0.953827895503214
0.953636370252112
0.953083631122006
0.952830863638191
0.952530699981381
0.952046768058764
0.951856550865696
0.951586667744009
0.951100650268490
0.950875029083860
0.950477284527305
0.950368219555266
0.949790715746192
0.949570587868827
0.949135516656065
0.948983676951482
0.948618140575945
0.948203254422717
0.947948424642376
0.947808776840069
0.947337679617926
0.946984406541025
0.946787960127002
0.946576435557968
0.946147871226492
0.945860494554194
0.945614960366543
0.945380991503250
0.945053681897054
0.944644966928166
0.944401093410643
0.944308050747891
0.943910695977821
0.943519047983325
0.943297622291056
0.943015611129941
0.942957621411941
0.942417970287282
0.942235576916810
0.941959836730755
0.941735806586456
0.941345864949130
0.941074339234970
0.940866885409038
0.940626329895359
0.940241461441936
0.939999434443488
0.939769839767955
0.939567201705028
0.939202684227631
0.938941008372067
0.938702775989644
0.938383164359973
0.938319131356041
0.937884804050199
0.937729920427222
0.937466503528581
0.937236577448018
0.937040017334287
0.936689518741743
0.936440095785346
0.936187537525646
0.935891795187957
0.935741652082217
0.935399375982312
0.935090669878946
0.934904786025260
0.934646386345579
0.934441241481883
0.934238024598854
0.933805580889747
0.933603715031809
0.933367449311840
0.932972184278171
0.932795352541441
0.932585122056997
0.932329262959681
0.932218948561322
0.931851780395822
0.931616685502772
0.931335649156171
0.931079962630271
0.930806004843654
0.930533263458710
0.930341715742296
0.930229804744641
0.929808398352536
0.929617940414694
0.929392178502633
0.929211199737410
0.928893827654728
0.928702345007079
0.928538810103641
0.928413406229617
0.928198083262208
0.928097937435170
0.927871799193680
0.927657350357881
0.927526637024708
0.927324687447669
0.927154052786948
0.926969561799036
0.926811228968855
0.926662612004982
0.926465644004704
0.926261401534353
0.926310958258400
0.925960167422101
0.925812860716923
0.925577489790577
0.925440449242418
0.925323356539919
0.925131546288887
0.924992438660831
0.924799985021351
0.924685965440819
0.924535119116297
0.924363264266063
0.924190236151905
0.924075897729706
0.923934579023972
0.923697452816311
0.923718770975364
0.923360333618817
0.923233010527976
0.923073256181746
0.922885678699834
0.922723429892838
0.922650056558484
0.922512686450587
0.922325975487638
0.922183790279970
0.922140277504232
0.922020990182880
0.921816983907792
0.921752097150565
0.921598566496832
0.921539729481738
0.921415089886051
0.921346859170048
0.921149709482960
0.921083717467954
0.920927827843973
0.920881555489319
0.920765836858243
0.920688547689340
0.920552595398777
0.920498714454378
0.920357905394444
0.920247583147787
0.920095130531858
0.920043701020637
0.919879054051222
0.919834128716241
0.919699383138763
0.919642499184334
0.919497430461678
0.919419797320717
0.919310085862103
0.919247843404212
0.919148052305642
0.919001587743365
0.918926297416127
0.918876367728144
0.918805152182020
0.918647433622962
0.918555263806802
0.918486781166409
0.918408354369578
0.918229304492635
0.918120653706759
0.918035253321274
0.917927847817165
0.917704415941850
0.917668610272954
0.917539626941966
0.917380309681816
0.917209052598472
0.917120772489721
0.917001122471693
0.916791481684781
0.916732525922445
=======
10.363140600426703
8.712994214602618
5.111498465442796
2.984675606727108
2.346708152420985
2.123225991244029
1.914706945545850
1.710307427615824
1.557239169255353
1.482297620320990
1.449410183336445
1.428556394024773
1.412734218272894
1.397431593806457
1.383791526652995
1.370252644954188
1.356297330162292
1.337752379676350
1.321340857132631
1.300587281581276
1.280145798163341
1.255681217777316
1.231832288871566
1.204794903433292
1.178198755223358
1.151209856944765
1.125042967953917
1.100124484534648
1.076587301042153
1.055907547598862
1.042407383060521
1.031316870924598
1.020457862596769
1.014249029658261
1.007186325301157
1.002011336018031
0.996218432449489
0.992103969351856
0.986606000797911
0.982556408934927
0.976776047398477
0.971455852330342
0.968579668453298
0.963163884873985
0.958956605127521
0.957892780548998
0.951436497410258
0.949060503108731
0.945655101607425
0.944486670240411
0.940482361267182
0.937665479891188
0.934117833367012
0.931422950922220
0.928891817895783
0.926467808489842
0.923854457467170
0.921815805150508
0.919268898047224
0.915215454880580
0.912786456100726
0.910919685151894
0.909568934098461
0.906427877043979
0.903975306405490
0.903529538716399
0.899830836633496
0.899244547638242
0.896089908345727
0.895746867066613
0.892748423569643
0.892765089380323
0.888736784234685
0.887196033807449
0.885343367545305
0.882438596329750
0.880970589448493
0.877136689843568
0.876535037396005
0.871656364317379
0.870198228454859
0.867106377599318
0.865171651879190
0.862023282670674
0.859951879511147
0.858317485355009
0.855748735354299
0.852976453197916
0.851971170302509
0.848226182023732
0.847048538916708
0.843818142688085
0.842577359977023
0.840602728626867
0.838966145617499
0.837981713084018
0.835836834419210
0.833046399506336
0.832089528854525
0.829627883573965
0.828725866752730
0.828442773298676
0.826131136519684
0.826078384453319
0.823982843818704
0.825332957540711
0.824147724040296
0.821402955505462
0.821172363104207
0.819358123307932
0.820428332923937
0.818873133365942
0.818399050783487
0.819102645963896
0.818401824970841
0.817724279673483
0.818065309831077
0.817062128262422
0.818758133181407
0.816438897652404
0.817235963085181
0.815264386814706
0.815251198986082
0.815521122735756
0.815296746130131
0.814360878013224
0.815158029399047
0.813929616752845
0.813334138513027
0.813307125922068
0.813415915231670
0.814242557110765
0.812210808496473
0.813360663797528
0.812234627875087
0.811423416017931
0.812365336905428
0.810987020417501
0.812205964641735
0.810808544696425
0.810278071277452
0.810241570216754
0.810306549349885
0.810182589260055
0.809797501489549
0.808523669926898
0.809024971553654
0.808090578395900
0.808632386912357
0.807298941737061
0.807729340263248
0.806914396294174
0.807002563177779
0.806503263017265
0.806863708919763
0.805684785229582
0.806294093136326
0.804314118222022
0.805630177183035
0.805879896832728
0.803449487620694
0.804886323207350
0.803796505029665
0.804535351280189
0.803284111114981
0.803895456778989
0.803789665449595
0.803099395561746
0.802438701305197
0.802505548233160
0.803647581493360
0.802285251539975
0.801780228578625
0.802671274687200
0.802213929067531
0.800948160198636
0.801918736533884
0.801132152426654
0.801074819255170
0.802032037796512
0.800638868830331
0.800122333116922
0.800643630366130
0.799638428178904
0.799702460261898
0.799863534494952
0.799381554093263
0.798513424214275
0.798379255923730
0.798323340497857
0.797923676668840
0.798089835324131
0.797949020436131
0.797788515213850
0.797895791549180
0.797710931348391
0.796897621511825
0.797216181618807
0.796658695306665
0.797226820230084
0.797719340225893
0.796141777141850
0.797499048951758
0.797282117317079
0.796430965586729
0.797209875142406
0.796213399182204
0.796638386375800
0.795531219741087
0.797038911132182
0.794926228996740
0.795709719034750
0.795948325848043
0.795158072598629
0.795627699865954
0.795363584984490
0.794815030020230
0.794900781179743
0.794381931169187
0.793895908486114
0.794621500932627
0.794475984389350
0.794451973727499
0.793161749159888
0.794428224805991
0.793485442892907
0.792936015305032
0.793647898847973
0.793522508996874
0.792984374990089
0.792910320142029
0.791258790589427
0.792254427490463
0.791675803286209
0.792223333966430
0.792431910561732
0.790752186620738
0.791529882652530
0.791157676975279
0.791277519096407
0.791183685145919
0.789781116659934
0.790391164365426
0.789756711551228
0.789959702716959
0.790442210318024
0.788918984645771
0.789501094752852
0.788907435932121
0.789043998999652
0.789187735336135
0.788836094943886
0.788446862592946
0.787771587619674
0.788648911506814
0.787488598202478
0.788123360402313
0.786157190696329
0.788158438661311
0.787673786802716
0.786681730794171
0.787525104087948
0.786330631298493
0.788051753225825
0.786559576174218
0.786680564269818
0.786744134512432
0.785935500364576
0.787191281684112
0.785678997657526
0.786133138444049
0.785875823512783
0.785625844315017
0.785875395682339
0.786330015447069
0.785953803855713
0.785625402375192
0.784855717114780
0.784540046703446
0.784601129951602
0.784291503326950
0.784751181129162
0.785413879537509
0.784193595860305
0.784360150509886
0.785407522997053
0.784531501005001
0.783731950037762
0.784785369538797
0.784318317267186
0.784888820703094
0.783926616970258
0.783875995266537
0.783359695450543
0.784065224111931
0.782184798457494
0.783053177578335
0.782939977158252
0.782596898150708
0.781960435732816
0.782749386391609
0.782596833938134
0.783060805802365
0.781985221375878
0.782241569993321
0.782337057487901
0.782210105947337
0.782879741255899
0.782273949747899
0.782571302959879
0.782381409613382
0.782087156076681
0.782285165736836
0.782472221233235
0.782576478802483
0.782081529405583
0.782073319461323
0.782349824100645
0.782020617615203
0.780846046135003
0.780541693412414
0.781283201169683
0.781754567644724
0.781503145607169
0.780490220493306
0.781336537345982
0.780563250725073
0.780402333724691
0.780267473054868
0.780777095631143
0.780002442858448
0.779838260761221
0.779272025824922
0.780397691039781
0.778686535204771
0.779310511329454
0.778091568808175
0.778349217358924
0.778485589327332
0.779455942246454
0.777148293985015
0.777504026786338
0.777233565778766
0.778141891896415
0.777759273121103
0.777738569007768
0.777688014483463
0.778175258495248
0.777076393462159
0.777757607816836
0.776987350809969
0.777234578309244
0.776624394682205
0.777832874088290
0.776655544655830
0.777170118943801
0.776023781170097
0.776931098160545
0.775996333094256
0.777303638751020
0.776094616870682
0.777317847200265
0.776749327152300
0.777119142346175
0.777047569469327
0.776121677750443
0.775520169511602
0.776054766114750
0.775755071919892
0.776664109291420
0.776259619706688
0.776037323007759
0.775852341919982
0.776566299975251
0.776086962465793
0.776168883654000
0.776350836358471
0.776951462997549
0.775965306739632
0.776534753339700
0.775733955828508
0.777513029643542
0.778211078886433
0.780811420949644
0.778708412185787
0.779580949723316
0.779694424909089
0.780082637092139
0.779536755890990
0.779404095057523
0.779725378870186
0.779952159111528
0.779656289059629
0.780466991040843
0.780426805351062
0.780769965379327
0.780829632760370
0.779686199446332
0.779843031711170
0.780699181175348
0.780675474513810
0.778922970957642
0.779835714164102
0.778825248940504
0.779641679205210
0.778466402241649
0.778516387117195
0.778137119238267
0.776854066524948
0.777183115659298
0.778191770168020
0.776383591255000
0.777862803543157
0.776793266556073
0.778232448050882
0.776323819618478
0.776483682702308
0.777041870156849
0.776036018412262
0.777162463963873
0.775552904138415
0.776913802746731
0.775193693134796
0.775423044560577
0.774821402415524
0.774202600538172
0.775355121855403
0.775046401570816
0.773613665318129
0.774522084324317
0.773362863680125
0.773646624008553
0.772977596829909
0.773167383405918
0.772140581021408
0.772554252425024
0.772904507020582
0.772305694420544
0.771429370545788
0.772211350160299
0.771730497475855
0.772298927258991
0.771085902448511
0.771833177254513
0.770548943521465
0.770921263465085
0.770948101549490
0.770205131542503
0.771071496566098
0.770266003841048
0.770575322160396
0.769964021272561
0.771112780249238
0.768973382726720
0.770624227954951
0.769986895776154
0.768876892824777
0.768955653063558
0.767863553814732
0.769013469005776
0.768808442957778
0.767690659241854
0.768628409456679
0.768085268152224
0.767571021102931
0.768115660741563
0.767729322044252
0.767037748387166
0.766696892017912
0.767687306214784
0.766643083171721
0.766492213556639
0.766226163674379
0.766436645314761
0.766421468908342
0.765964612626975
0.766007957735980
0.766112473979410
0.765361651594879
0.766293820148189
0.765416623441779
0.765555930903522
0.765888575646448
0.765616086605055
0.765527160989948
0.764823128280080
0.765162541607260
0.765390344792915
0.764798399994539
0.764140859120727
0.763918369331129
0.764292281718248
0.764079745383021
0.764155140529817
0.764322332550470
0.764137089935346
0.763669449748111
0.763959741767082
0.763290050521304
0.762721385447414
0.762805094219202
0.762692492962997
0.762829840473980
0.763017320886331
0.762933191145930
0.761760236409110
0.762218070029114
0.762575394083031
0.762566359516246
0.762500808254513
0.761911119317303
0.762183939305446
0.762235354697901
0.762116381929950
0.761332277186716
0.761398290004880
0.761763010122166
0.760790290916622
0.760549658801469
0.760720378062304
0.760156012590578
0.760398821177296
0.760505107312071
0.759892317436961
0.760083782882326
0.759724867722982
0.760359876943920
0.758983358081437
0.760202158162940
0.760138049258959
0.760057642861463
0.759234583859499
0.759275903166103
0.759269041141219
0.759608044883410
0.759329214124511
0.759317021762026
0.759437678630047
0.759028871860317
0.759004769953989
0.759526016378685
0.759601459820448
0.759428395384755
0.758188319880932
0.759571361156618
0.759303224816643
0.759692648299368
0.759143361744305
0.759604277498211
0.759570073676163
0.759160351103277
0.759370849368606
0.759186925140989
0.758084144845618
0.759223797938220
0.759963552164227
0.759260292501214
0.759672356530581
0.759472252403707
0.758933980994791
0.758756041206475
0.759151564806430
0.759158876418504
0.759299948366715
0.759102862882205
0.758629395910217
0.758572103821327
0.759147569046902
0.758340408903024
0.758617542377785
0.759704172121022
0.758602711830285
0.758409486573700
0.758824291651054
0.758682518011747
0.759250304391156
0.758234225078042
0.758200518745641
0.758371705358784
0.758762255443814
0.758139153487786
0.759117863724549
0.759500981846033
0.758730127218710
0.759083952057028
0.758981689561432
0.759578011992188
0.759171865720968
0.758990079266187
0.759076841900371
0.759061161614058
0.759666190489276
0.759421317841882
0.759880549983052
0.759045472858770
0.759373428173925
0.759070562542702
0.759910918321019
0.759572682547077
0.759528846327054
0.759771300603563
0.759340817132033
0.760172430867780
0.760077599712193
0.759511102852796
0.759657312971037
0.760411417908140
0.759057882187660
0.759960769108361
0.759427921626960
0.760251616786982
0.759920955788633
0.759922292817442
0.759149808016044
0.759899269306608
0.759432898593885
0.759534914287615
0.759975304448086
0.759974508414830
0.759684004792065
0.760339716334439
0.759514552335946
0.759522403789245
0.758984118828873
0.759136529596247
0.759552349007891
0.759323972462762
0.759144629071593
0.758828019221526
0.759333788267674
0.758674415750465
0.759497063670438
0.759288873167565
0.758529930466763
0.758904557165145
0.759465423939914
0.758773123157060
0.758454619742614
0.758537650703429
0.758422071940575
0.758395249145263
0.757999813617512
0.758324199781383
0.758552996423328
0.758585035300025
0.758181166579763
0.757811867919420
0.757537999752824
0.758129743928195
0.758372012054265
0.757683132708821
0.757727531859589
0.758037644990409
0.757716134540087
0.757273073518355
0.757959059158186
0.757312912396884
0.757340746082513
0.757159228379510
0.757428812045197
0.757898336910075
0.758010870643186
0.756714717448786
0.756558890549505
0.756730853189798
0.756536896803378
0.757213989807665
0.756769588253801
0.756591312971508
0.756339595114978
0.756484482878497
0.756836803907643
0.757224146843775
0.756570817723676
0.756910537362905
0.756441583510733
0.756521967166534
0.756392990885747
0.755754792113773
0.755876669517086
0.755836714201726
0.755678540251441
0.756331591832049
0.755397212104905
0.755678245131424
0.756111515455034
0.755757519744593
0.755693109107094
0.755125824661489
0.755084460100286
0.755379977766704
0.755563415873548
0.754967418019477
0.755394017728263
0.754282979764375
0.754977473820822
0.754943313845431
0.754803459635407
0.754436446252699
0.754195966423744
0.753804655429155
0.753722223570395
0.753666972938477
0.753824616665498
0.753656868458611
0.753008689822015
0.753393267147319
0.752994055436696
0.753328417743552
0.753479216169385
0.752532474736407
0.752488771900858
0.753312525161561
0.753135344665633
0.753251452792229
0.753464780125075
0.753425464158917
0.752898348591804
0.753100100964490
0.753082353632515
0.753473387642211
0.753627831183731
0.752721633570669
0.752686114779230
0.752969330302209
0.753682159053070
0.752851061389879
0.752964719478673
0.753144849446316
0.753194723677934
0.752839534397278
0.753034579764487
0.752339881769520
0.752960566761238
0.752556133973993
0.752838847986638
0.752547881784723
0.752211031156409
0.752635620897688
0.753184001899612
0.753419795896661
0.752363837358828
0.752438996110885
0.751766674496115
0.752500441446538
0.752685830761466
0.752666028589022
0.752319223719248
0.752644267319326
0.752429268644448
0.752590290488767
0.752448027508507
0.752694607125512
0.752267668506745
0.752610593580939
0.752739304732047
0.752759137821440
0.752750715330561
0.752750716888478
0.752112051816359
0.752868724606375
0.752172490727992
0.752416083926421
0.752440849374628
0.752638831256415
0.752726978917756
0.752780251839633
0.752952668277486
0.752516856769109
0.752339519988303
0.752803167435844
0.752156178736123
0.752521362428768
0.752278112990126
0.752572165829131
0.752445183438326
0.752551393373872
0.752574457283196
0.752356961308781
0.752443273852334
0.752765364478547
0.752610725099510
0.753550013452564
0.753045146690285
0.752877426678246
0.752481824895103
0.752717121665832
0.752720486672042
0.753093804422939
0.752462513593168
0.753002634780588
0.753026090209293
0.753129770889394
0.753081629919166
0.753051404136921
0.753015203518387
0.753482451861591
0.752969336124478
0.753146713769542
0.753204805832595
0.753602577334230
0.753534695945627
0.753794884801830
0.753371003975637
0.753668373638518
0.753804457365877
0.754031446996147
0.753340805259671
0.754161321764889
0.753735711659238
0.753779815576965
0.754126079601971
0.753580644191986
0.754037543574980
0.753768506477733
0.754045640056911
0.754027249293604
0.753185759476250
0.753937578056173
0.754096040060244
0.753558707692361
0.754698010830616
0.754050178217016
0.753955767528896
0.753737793586266
0.754591415522000
0.754145585874916
0.754988992656131
0.754010765759169
0.754720141766108
0.754089567401754
0.754115925930538
0.754799839820000
0.754937718775922
0.754114755901050
0.754378907520492
0.754117971159861
0.754395978487041
0.754194090716895
0.754213995714736
0.754147206207137
0.754816607930986
0.754467340108389
0.754381373819526
0.754211597084427
0.756120702214591
0.755391305678625
0.755407896160431
0.754572713803781
0.755047093101102
0.755209287112644
0.755554648129196
0.755153183752119
0.754786120236435
0.754744710907947
0.754726147841360
0.754728887209819
0.754247132369965
0.754491233706648
0.754697059007087
0.754839472421817
0.754701403602979
0.754500266482791
0.754469278943483
0.753998128434869
0.754554844136226
0.754132486969602
0.754287373751588
0.753822121517362
0.754401850592707
0.753970082247849
0.754324896057604
0.753935148785532
0.754191719479418
0.753764396517656
0.754388352464796
0.754185441057872
0.754024083952332
0.753208694617498
0.753317001681418
0.753030583241486
0.753879156128297
0.753179030115914
0.753464969023625
0.753406567419437
0.754150202337653
0.753658406871430
0.754006854976155
0.753607811649918
0.754658698695695
0.753217683095169
0.753250179688976
0.752764747606365
0.754171836251402
0.753420203823501
0.753835983731965
0.752821469091870
0.753343402503632
0.753154150918906
0.753428845294933
0.753574111059845
0.753172400280072
0.752689864342825
0.753316973318873
0.753366989861176
0.753062593918472
0.752820360823122
0.753145655727734
0.753941134829777
0.753598905556631
0.753882729517803
0.753013765393417
0.753432284571514
0.753567245411631
0.753040459347635
0.753146003373536
0.753492293806971
0.753707895745414
0.754005201588170
0.753314624420860
0.754446980049431
0.753733590229426
0.752912887658611
0.753508224243121
0.753321418101952
0.753431857459494
0.753755211067649
0.753445066407288
0.753623200021468
0.753478169672043
0.753959762518935
0.753454968045895
0.753535839465191
0.752729879080438
0.753450880547419
0.753587126237036
0.753762010092618
0.753458382019657
0.753817567787417
0.753371300211945
0.753088059287951
0.753413498581473
0.753552861793278
0.753542095943215
0.753308320464504
0.754432009476440
0.753365482176285
0.753540639732511
0.753233345144197
0.753319379831940
0.754023220450475
0.753805098947373
0.753926505745106
0.753080761670560
0.753370507655393
0.753386693446021
0.753962444582964
0.753449310716840
0.753992406281304
0.752710495023012
0.753378623260289
0.754065693080794
0.755288139626821
0.754218592040284
0.754385378783980
0.754399336138915
0.754268058105865
0.754873096781380
0.754311728547300
0.754947490401718
0.754523173250749
0.754834951412873
0.754289852036326
0.754733981602569
0.754844805065600
0.754274175185147
0.755038619541921
0.754611662739124
0.754333618200057
0.754091566477147
0.755265482164424
0.754654423660391
0.754730318725042
0.753836186532646
0.755236838137224
0.754066891010198
0.754385132462809
0.754094327103199
0.755035779487479
0.754577107507824
0.754459070760933
0.754511497350500
0.753818736851765
0.754406951202284
0.755596349041159
0.754087588925258
0.754008178746542
0.754575645166014
0.754589149867106
0.753885079002009
>>>>>>> 7efd217 (Code improvement - Adam)
